10 21
2200 3800
30 60
30000
1
1
1
1
1
1
0
0
1
0
164 0.0 223.60679774997897 156.20499351813308 404.4749683231337 342.34485537247383 379.47331922020555 107.70329614269008 356.08987629529713 223.60679774997897 241.66091947189145
2 170.88007490635061 56.568542494923804 266.8332812825267 509.9019513592785 304.63092423455635 504.7771785649585 63.24555320336759 509.9019513592785 393.95431207184413 382.099463490856
10 223.60679774997897 0.0 300.66592756745814 563.5601121442148 288.44410203711914 560.357029044876 116.61903789690601 566.3920903402518 447.21359549995793 438.6342439892262
13 252.98221281347037 44.721359549995796 342.34485537247383 566.0388679233962 328.02438933713455 568.5068161420758 145.60219778561037 584.1232746604094 475.3945729601885 453.43136195018536
11 203.9607805437114 60.0 310.4834939252005 511.0772935672255 340.0 512.2499389946279 100.0 528.0151512977634 423.7924020083418 396.9886648255841
3 161.24515496597098 89.44271909999159 278.5677655436824 474.1307836451879 341.76014981270123 472.01694884823786 63.24555320336759 484.1487374764082 379.47331922020555 353.83612025908263
24 189.73665961010278 272.02941017470886 72.11102550927978 580.0 188.67962264113206 543.323108288245 212.602916254693 487.03182647543684 313.0495168499706 401.9950248448356
16 297.3213749463701 512.2499389946279 354.400902933387 228.0350850198276 609.2618484691127 161.24515496597098 396.9886648255841 63.24555320336759 120.0 100.0
27 404.4749683231337 563.5601121442148 521.536192416212 0.0 746.7261881037789 72.11102550927978 468.187996428785 200.0 331.05890714493694 184.39088914585773
9 340.58772731852804 300.0 250.59928172283335 744.3117626371359 20.0 713.8627319029899 310.4834939252005 664.8308055437865 491.93495504995377 572.7128425310541
19 240.0 244.13111231467406 156.20499351813308 642.8063471995279 107.70329614269008 611.8823416311342 223.60679774997897 564.6237685397241 394.4616584663204 470.7440918375928
17 341.76014981270123 528.0151512977634 440.4543109109048 100.0 679.1170738539859 40.0 421.90046219457975 107.70329614269008 234.0939982143925 101.9803902718557
24 101.9803902718557 156.20499351813308 244.13111231467406 412.31056256176606 364.9657518178932 404.96913462633177 60.0 412.31056256176606 310.4834939252005 282.842712474619
11 116.61903789690601 107.70329614269008 208.80613017821102 487.03182647543684 286.35642126552705 474.1307836451879 20.0 466.9047011971501 340.0 344.0930106817051
10 353.83612025908263 572.0139858430036 393.95431207184413 256.12496949731394 652.9931086925803 184.39088914585773 456.0701700396552 56.568542494923804 152.31546211727817 161.24515496597098
7 208.80613017821102 430.8131845707603 205.91260281974002 367.6955262170047 466.47615158762403 310.4834939252005 316.2277660168379 220.90722034374522 40.0 188.67962264113206
9 250.59928172283335 474.1307836451879 268.3281572999748 322.49030993194197 528.3937925449162 260.0 357.77087639996637 160.0 28.284271247461902 156.20499351813308
18 323.10988842807024 512.2499389946279 420.4759208325728 116.61903789690601 659.6969000988257 60.0 404.96913462633177 101.9803902718557 215.40659228538016 82.46211251235322
5 241.66091947189145 438.6342439892262 340.0 184.39088914585773 577.2347875864725 141.4213562373095 328.02438933713455 134.1640786499874 156.20499351813308 0.0
11 188.67962264113206 396.9886648255841 280.0 243.31050121192877 519.2301994298869 200.9975124224178 282.842712474619 169.70562748477138 116.61903789690601 60.0
13 84.85281374238569 263.0589287593181 72.11102550927978 460.0 297.3213749463701 424.26406871192853 161.24515496597098 375.7658845611187 212.602916254693 282.842712474619